1,1,1,10/Enero/1902,Si,1,1,1,Si,1,1,1,1,1,1,1,1,1,1
1,1,1,10/Enero/1902,Si,1,1,1,Si,1,1,1,1,1,1,1,1,1,1
1,1,1,10/Enero/1902,Si,1,1,1,Si,1,1,1,1,1,1,1,1,1,1
11,1,1,10/Enero/1902,Si,1,1,1,Si,1,1,1,1,1,1,1,1,1,1
1,1,1,10/Enero/1902,Si,1,1,1,Si,1,1,1,1,1,1,1,1,1,1
1,1,1,10/Enero/1902,Si,1,1,1,Si,1,1,1,1,1,1,1,1,1,1
1,1,1,10/Enero/1902,Si,1,1,1,Si,1,1,1,1,1,1,1,1,1,1
2,2,2,2/Enero/2000,Si,2,2,2,Si,2,2,2,2,2,2,2,2,2,2
,,,1/Enero/1901,Si,0,,,Si,,,,,,,,,,
5,5,5,1/Enero/1901,Si,0,5,5,Si,5,5,5,5,5,5,5,5,5,5
6,6,6,6/Enero/1901,Si,6,6,6,Si,6,6,6,6,6,6,6,6,6,6
Astrid,asdfasd,asdfaf,1/Enero/1901,Si,0,asdfsafsad,asd,Si,f,asdf,asdf,asdd,f,sadf,asd,fasdf,as,fafd
